-1 -2
-1 -3
-1 -4
-1 -5
-1 -6
-1 -7
-1 -8
-1 -9
-1 11 13 14
-56 -10 62
-56 -11 62
-56 -13 62
-56 -14 62
-56 -15 62
-56 -16 62
-56 -17 62
-56 -18 62
-58 -10 64
-58 -11 64
-58 -12 64
-58 -13 64
-58 -15 64
-58 -16 64
-58 -17 64
-58 -18 64
-60 -10 66
-60 -11 66
-60 -12 66
-60 -13 66
-60 -14 66
-60 -15 66
-60 -16 66
-60 -18 66
-55 -10 61
-55 -11 61
-55 -12 61
-55 -14 61
-55 -15 61
-55 -16 61
-55 -17 61
-55 -18 61
-57 -10 63
-57 -11 63
-57 -13 63
-57 -14 63
-57 -15 63
-57 -16 63
-57 -18 63
-59 -10 65
-59 -11 65
-59 -12 65
-59 -13 65
-59 -14 65
-59 -15 65
-59 -17 65
-59 -18 65
-2 -3
-2 -4
-2 -5
-2 -6
-2 -7
-2 -8
-2 -9
-2 10 12 14
-56 -10 62
-56 -11 62
-56 -13 62
-56 -14 62
-56 -15 62
-56 -16 62
-56 -17 62
-56 -18 62
-58 -10 64
-58 -11 64
-58 -12 64
-58 -13 64
-58 -15 64
-58 -16 64
-58 -17 64
-58 -18 64
-60 -10 66
-60 -11 66
-60 -12 66
-60 -13 66
-60 -14 66
-60 -15 66
-60 -16 66
-60 -18 66
-55 -10 61
-55 -11 61
-55 -12 61
-55 -14 61
-55 -15 61
-55 -16 61
-55 -17 61
-55 -18 61
-57 -10 63
-57 -11 63
-57 -13 63
-57 -14 63
-57 -15 63
-57 -16 63
-57 -18 63
-59 -10 65
-59 -11 65
-59 -12 65
-59 -13 65
-59 -14 65
-59 -15 65
-59 -17 65
-59 -18 65
-3 -4
-3 -5
-3 -6
-3 -7
-3 -8
-3 -9
-3 11 15
-12 57
-56 -12 61
-56 -10 62
-56 -11 62
-56 -13 62
-56 -14 62
-56 -15 62
-56 -16 62
-56 -17 62
-56 -18 62
-58 -10 64
-58 -11 64
-58 -12 64
-58 -13 64
-58 -15 64
-58 -16 64
-58 -17 64
-58 -18 64
-60 -10 66
-60 -11 66
-60 -12 66
-60 -13 66
-60 -14 66
-60 -15 66
-60 -16 66
-60 -18 66
-55 -10 61
-55 -11 61
-55 -12 61
-55 -14 61
-55 -15 61
-55 -16 61
-55 -17 61
-55 -18 61
-57 -10 63
-57 -11 63
-57 -13 63
-57 -14 63
-57 -15 63
-57 -16 63
-57 -18 63
-59 -10 65
-59 -11 65
-59 -12 65
-59 -13 65
-59 -14 65
-59 -15 65
-59 -17 65
-59 -18 65
-3 -57
-4 -5
-4 -6
-4 -7
-4 -8
-4 -9
-4 10 14 18
-13 55
-56 -10 62
-56 -11 62
-56 -13 62
-56 -14 62
-56 -15 62
-56 -16 62
-56 -17 62
-56 -18 62
-58 -10 64
-58 -11 64
-58 -12 64
-58 -13 64
-58 -15 64
-58 -16 64
-58 -17 64
-58 -18 64
-60 -10 66
-60 -11 66
-60 -12 66
-60 -13 66
-60 -14 66
-60 -15 66
-60 -16 66
-60 -18 66
-55 -10 61
-55 -11 61
-55 -12 61
-55 -14 61
-55 -15 61
-55 -16 61
-55 -17 61
-55 -18 61
-57 -10 63
-57 -11 63
-57 -13 63
-57 -14 63
-57 -15 63
-57 -16 63
-57 -18 63
-59 -10 65
-59 -11 65
-59 -12 65
-59 -13 65
-59 -14 65
-59 -15 65
-59 -17 65
-59 -18 65
-4 -55
-5 -6
-5 -7
-5 -8
-5 -9
-5 10 11 13 15 16
-58 -14 63
-56 -10 62
-56 -11 62
-56 -13 62
-56 -14 62
-56 -15 62
-56 -16 62
-56 -17 62
-56 -18 62
-58 -10 64
-58 -11 64
-58 -12 64
-58 -13 64
-58 -15 64
-58 -16 64
-58 -17 64
-58 -18 64
-60 -10 66
-60 -11 66
-60 -12 66
-60 -13 66
-60 -14 66
-60 -15 66
-60 -16 66
-60 -18 66
-55 -10 61
-55 -11 61
-55 -12 61
-55 -14 61
-55 -15 61
-55 -16 61
-55 -17 61
-55 -18 61
-57 -10 63
-57 -11 63
-57 -13 63
-57 -14 63
-57 -15 63
-57 -16 63
-57 -18 63
-59 -10 65
-59 -11 65
-59 -12 65
-59 -13 65
-59 -14 65
-59 -15 65
-59 -17 65
-59 -18 65
-6 -7
-6 -8
-6 -9
-6 12 14 16 17
-56 -10 62
-56 -11 62
-56 -13 62
-56 -14 62
-56 -15 62
-56 -16 62
-56 -17 62
-56 -18 62
-58 -10 64
-58 -11 64
-58 -12 64
-58 -13 64
-58 -15 64
-58 -16 64
-58 -17 64
-58 -18 64
-60 -10 66
-60 -11 66
-60 -12 66
-60 -13 66
-60 -14 66
-60 -15 66
-60 -16 66
-60 -18 66
-55 -10 61
-55 -11 61
-55 -12 61
-55 -14 61
-55 -15 61
-55 -16 61
-55 -17 61
-55 -18 61
-57 -10 63
-57 -11 63
-57 -13 63
-57 -14 63
-57 -15 63
-57 -16 63
-57 -18 63
-59 -10 65
-59 -11 65
-59 -12 65
-59 -13 65
-59 -14 65
-59 -15 65
-59 -17 65
-59 -18 65
-7 -8
-7 -9
-7 14 15 17 18
-16 59
-56 -10 62
-56 -11 62
-56 -13 62
-56 -14 62
-56 -15 62
-56 -16 62
-56 -17 62
-56 -18 62
-58 -10 64
-58 -11 64
-58 -12 64
-58 -13 64
-58 -15 64
-58 -16 64
-58 -17 64
-58 -18 64
-60 -10 66
-60 -11 66
-60 -12 66
-60 -13 66
-60 -14 66
-60 -15 66
-60 -16 66
-60 -18 66
-55 -10 61
-55 -11 61
-55 -12 61
-55 -14 61
-55 -15 61
-55 -16 61
-55 -17 61
-55 -18 61
-57 -10 63
-57 -11 63
-57 -13 63
-57 -14 63
-57 -15 63
-57 -16 63
-57 -18 63
-59 -10 65
-59 -11 65
-59 -12 65
-59 -13 65
-59 -14 65
-59 -15 65
-59 -17 65
-59 -18 65
-7 -59
-8 -9
-8 15 16
-17 57
-60 -17 65
-56 -10 62
-56 -11 62
-56 -13 62
-56 -14 62
-56 -15 62
-56 -16 62
-56 -17 62
-56 -18 62
-58 -10 64
-58 -11 64
-58 -12 64
-58 -13 64
-58 -15 64
-58 -16 64
-58 -17 64
-58 -18 64
-60 -10 66
-60 -11 66
-60 -12 66
-60 -13 66
-60 -14 66
-60 -15 66
-60 -16 66
-60 -18 66
-55 -10 61
-55 -11 61
-55 -12 61
-55 -14 61
-55 -15 61
-55 -16 61
-55 -17 61
-55 -18 61
-57 -10 63
-57 -11 63
-57 -13 63
-57 -14 63
-57 -15 63
-57 -16 63
-57 -18 63
-59 -10 65
-59 -11 65
-59 -12 65
-59 -13 65
-59 -14 65
-59 -15 65
-59 -17 65
-59 -18 65
-8 -57
-9 13 16 18
-56 -10 62
-56 -11 62
-56 -13 62
-56 -14 62
-56 -15 62
-56 -16 62
-56 -17 62
-56 -18 62
-58 -10 64
-58 -11 64
-58 -12 64
-58 -13 64
-58 -15 64
-58 -16 64
-58 -17 64
-58 -18 64
-60 -10 66
-60 -11 66
-60 -12 66
-60 -13 66
-60 -14 66
-60 -15 66
-60 -16 66
-60 -18 66
-55 -10 61
-55 -11 61
-55 -12 61
-55 -14 61
-55 -15 61
-55 -16 61
-55 -17 61
-55 -18 61
-57 -10 63
-57 -11 63
-57 -13 63
-57 -14 63
-57 -15 63
-57 -16 63
-57 -18 63
-59 -10 65
-59 -11 65
-59 -12 65
-59 -13 65
-59 -14 65
-59 -15 65
-59 -17 65
-59 -18 65
-55 -56
-57 -58
-59 -60
56 -62
58 -64
60 -66
56 55 -61
58 57 -63
60 59 -65
-10 -11
-10 -12
-10 -13
-10 -14
-10 -15
-10 -16
-10 -17
-10 -18
-10 20 22 23
-62 -19 68
-62 -20 68
-62 -22 68
-62 -23 68
-62 -24 68
-62 -25 68
-62 -26 68
-62 -27 68
-64 -19 70
-64 -20 70
-64 -21 70
-64 -22 70
-64 -24 70
-64 -25 70
-64 -26 70
-64 -27 70
-66 -19 72
-66 -20 72
-66 -21 72
-66 -22 72
-66 -23 72
-66 -24 72
-66 -25 72
-66 -27 72
-61 -19 67
-61 -20 67
-61 -21 67
-61 -23 67
-61 -24 67
-61 -25 67
-61 -26 67
-61 -27 67
-63 -19 69
-63 -20 69
-63 -22 69
-63 -23 69
-63 -24 69
-63 -25 69
-63 -27 69
-65 -19 71
-65 -20 71
-65 -21 71
-65 -22 71
-65 -23 71
-65 -24 71
-65 -26 71
-65 -27 71
-11 -12
-11 -13
-11 -14
-11 -15
-11 -16
-11 -17
-11 -18
-11 19 21 23
-62 -19 68
-62 -20 68
-62 -22 68
-62 -23 68
-62 -24 68
-62 -25 68
-62 -26 68
-62 -27 68
-64 -19 70
-64 -20 70
-64 -21 70
-64 -22 70
-64 -24 70
-64 -25 70
-64 -26 70
-64 -27 70
-66 -19 72
-66 -20 72
-66 -21 72
-66 -22 72
-66 -23 72
-66 -24 72
-66 -25 72
-66 -27 72
-61 -19 67
-61 -20 67
-61 -21 67
-61 -23 67
-61 -24 67
-61 -25 67
-61 -26 67
-61 -27 67
-63 -19 69
-63 -20 69
-63 -22 69
-63 -23 69
-63 -24 69
-63 -25 69
-63 -27 69
-65 -19 71
-65 -20 71
-65 -21 71
-65 -22 71
-65 -23 71
-65 -24 71
-65 -26 71
-65 -27 71
-12 -13
-12 -14
-12 -15
-12 -16
-12 -17
-12 -18
-12 20 24
-21 63
-62 -21 67
-62 -19 68
-62 -20 68
-62 -22 68
-62 -23 68
-62 -24 68
-62 -25 68
-62 -26 68
-62 -27 68
-64 -19 70
-64 -20 70
-64 -21 70
-64 -22 70
-64 -24 70
-64 -25 70
-64 -26 70
-64 -27 70
-66 -19 72
-66 -20 72
-66 -21 72
-66 -22 72
-66 -23 72
-66 -24 72
-66 -25 72
-66 -27 72
-61 -19 67
-61 -20 67
-61 -21 67
-61 -23 67
-61 -24 67
-61 -25 67
-61 -26 67
-61 -27 67
-63 -19 69
-63 -20 69
-63 -22 69
-63 -23 69
-63 -24 69
-63 -25 69
-63 -27 69
-65 -19 71
-65 -20 71
-65 -21 71
-65 -22 71
-65 -23 71
-65 -24 71
-65 -26 71
-65 -27 71
-12 -63
-13 -14
-13 -15
-13 -16
-13 -17
-13 -18
-13 19 23 27
-22 61
-62 -19 68
-62 -20 68
-62 -22 68
-62 -23 68
-62 -24 68
-62 -25 68
-62 -26 68
-62 -27 68
-64 -19 70
-64 -20 70
-64 -21 70
-64 -22 70
-64 -24 70
-64 -25 70
-64 -26 70
-64 -27 70
-66 -19 72
-66 -20 72
-66 -21 72
-66 -22 72
-66 -23 72
-66 -24 72
-66 -25 72
-66 -27 72
-61 -19 67
-61 -20 67
-61 -21 67
-61 -23 67
-61 -24 67
-61 -25 67
-61 -26 67
-61 -27 67
-63 -19 69
-63 -20 69
-63 -22 69
-63 -23 69
-63 -24 69
-63 -25 69
-63 -27 69
-65 -19 71
-65 -20 71
-65 -21 71
-65 -22 71
-65 -23 71
-65 -24 71
-65 -26 71
-65 -27 71
-13 -61
-14 -15
-14 -16
-14 -17
-14 -18
-14 19 20 22 24 25
-64 -23 69
-62 -19 68
-62 -20 68
-62 -22 68
-62 -23 68
-62 -24 68
-62 -25 68
-62 -26 68
-62 -27 68
-64 -19 70
-64 -20 70
-64 -21 70
-64 -22 70
-64 -24 70
-64 -25 70
-64 -26 70
-64 -27 70
-66 -19 72
-66 -20 72
-66 -21 72
-66 -22 72
-66 -23 72
-66 -24 72
-66 -25 72
-66 -27 72
-61 -19 67
-61 -20 67
-61 -21 67
-61 -23 67
-61 -24 67
-61 -25 67
-61 -26 67
-61 -27 67
-63 -19 69
-63 -20 69
-63 -22 69
-63 -23 69
-63 -24 69
-63 -25 69
-63 -27 69
-65 -19 71
-65 -20 71
-65 -21 71
-65 -22 71
-65 -23 71
-65 -24 71
-65 -26 71
-65 -27 71
-15 -16
-15 -17
-15 -18
-15 21 23 25 26
-62 -19 68
-62 -20 68
-62 -22 68
-62 -23 68
-62 -24 68
-62 -25 68
-62 -26 68
-62 -27 68
-64 -19 70
-64 -20 70
-64 -21 70
-64 -22 70
-64 -24 70
-64 -25 70
-64 -26 70
-64 -27 70
-66 -19 72
-66 -20 72
-66 -21 72
-66 -22 72
-66 -23 72
-66 -24 72
-66 -25 72
-66 -27 72
-61 -19 67
-61 -20 67
-61 -21 67
-61 -23 67
-61 -24 67
-61 -25 67
-61 -26 67
-61 -27 67
-63 -19 69
-63 -20 69
-63 -22 69
-63 -23 69
-63 -24 69
-63 -25 69
-63 -27 69
-65 -19 71
-65 -20 71
-65 -21 71
-65 -22 71
-65 -23 71
-65 -24 71
-65 -26 71
-65 -27 71
-16 -17
-16 -18
-16 23 24 26 27
-25 65
-62 -19 68
-62 -20 68
-62 -22 68
-62 -23 68
-62 -24 68
-62 -25 68
-62 -26 68
-62 -27 68
-64 -19 70
-64 -20 70
-64 -21 70
-64 -22 70
-64 -24 70
-64 -25 70
-64 -26 70
-64 -27 70
-66 -19 72
-66 -20 72
-66 -21 72
-66 -22 72
-66 -23 72
-66 -24 72
-66 -25 72
-66 -27 72
-61 -19 67
-61 -20 67
-61 -21 67
-61 -23 67
-61 -24 67
-61 -25 67
-61 -26 67
-61 -27 67
-63 -19 69
-63 -20 69
-63 -22 69
-63 -23 69
-63 -24 69
-63 -25 69
-63 -27 69
-65 -19 71
-65 -20 71
-65 -21 71
-65 -22 71
-65 -23 71
-65 -24 71
-65 -26 71
-65 -27 71
-16 -65
-17 -18
-17 24 25
-26 63
-66 -26 71
-62 -19 68
-62 -20 68
-62 -22 68
-62 -23 68
-62 -24 68
-62 -25 68
-62 -26 68
-62 -27 68
-64 -19 70
-64 -20 70
-64 -21 70
-64 -22 70
-64 -24 70
-64 -25 70
-64 -26 70
-64 -27 70
-66 -19 72
-66 -20 72
-66 -21 72
-66 -22 72
-66 -23 72
-66 -24 72
-66 -25 72
-66 -27 72
-61 -19 67
-61 -20 67
-61 -21 67
-61 -23 67
-61 -24 67
-61 -25 67
-61 -26 67
-61 -27 67
-63 -19 69
-63 -20 69
-63 -22 69
-63 -23 69
-63 -24 69
-63 -25 69
-63 -27 69
-65 -19 71
-65 -20 71
-65 -21 71
-65 -22 71
-65 -23 71
-65 -24 71
-65 -26 71
-65 -27 71
-17 -63
-18 22 25 27
-62 -19 68
-62 -20 68
-62 -22 68
-62 -23 68
-62 -24 68
-62 -25 68
-62 -26 68
-62 -27 68
-64 -19 70
-64 -20 70
-64 -21 70
-64 -22 70
-64 -24 70
-64 -25 70
-64 -26 70
-64 -27 70
-66 -19 72
-66 -20 72
-66 -21 72
-66 -22 72
-66 -23 72
-66 -24 72
-66 -25 72
-66 -27 72
-61 -19 67
-61 -20 67
-61 -21 67
-61 -23 67
-61 -24 67
-61 -25 67
-61 -26 67
-61 -27 67
-63 -19 69
-63 -20 69
-63 -22 69
-63 -23 69
-63 -24 69
-63 -25 69
-63 -27 69
-65 -19 71
-65 -20 71
-65 -21 71
-65 -22 71
-65 -23 71
-65 -24 71
-65 -26 71
-65 -27 71
-61 -62
-63 -64
-65 -66
62 -68
64 -70
66 -72
62 61 -67
64 63 -69
66 65 -71
-19 -20
-19 -21
-19 -22
-19 -23
-19 -24
-19 -25
-19 -26
-19 -27
-19 29 31 32
-68 -28 74
-68 -29 74
-68 -31 74
-68 -32 74
-68 -33 74
-68 -34 74
-68 -35 74
-68 -36 74
-70 -28 76
-70 -29 76
-70 -30 76
-70 -31 76
-70 -33 76
-70 -34 76
-70 -35 76
-70 -36 76
-72 -28 78
-72 -29 78
-72 -30 78
-72 -31 78
-72 -32 78
-72 -33 78
-72 -34 78
-72 -36 78
-67 -28 73
-67 -29 73
-67 -30 73
-67 -32 73
-67 -33 73
-67 -34 73
-67 -35 73
-67 -36 73
-69 -28 75
-69 -29 75
-69 -31 75
-69 -32 75
-69 -33 75
-69 -34 75
-69 -36 75
-71 -28 77
-71 -29 77
-71 -30 77
-71 -31 77
-71 -32 77
-71 -33 77
-71 -35 77
-71 -36 77
-20 -21
-20 -22
-20 -23
-20 -24
-20 -25
-20 -26
-20 -27
-20 28 30 32
-68 -28 74
-68 -29 74
-68 -31 74
-68 -32 74
-68 -33 74
-68 -34 74
-68 -35 74
-68 -36 74
-70 -28 76
-70 -29 76
-70 -30 76
-70 -31 76
-70 -33 76
-70 -34 76
-70 -35 76
-70 -36 76
-72 -28 78
-72 -29 78
-72 -30 78
-72 -31 78
-72 -32 78
-72 -33 78
-72 -34 78
-72 -36 78
-67 -28 73
-67 -29 73
-67 -30 73
-67 -32 73
-67 -33 73
-67 -34 73
-67 -35 73
-67 -36 73
-69 -28 75
-69 -29 75
-69 -31 75
-69 -32 75
-69 -33 75
-69 -34 75
-69 -36 75
-71 -28 77
-71 -29 77
-71 -30 77
-71 -31 77
-71 -32 77
-71 -33 77
-71 -35 77
-71 -36 77
-21 -22
-21 -23
-21 -24
-21 -25
-21 -26
-21 -27
-21 29 33
-30 69
-68 -30 73
-68 -28 74
-68 -29 74
-68 -31 74
-68 -32 74
-68 -33 74
-68 -34 74
-68 -35 74
-68 -36 74
-70 -28 76
-70 -29 76
-70 -30 76
-70 -31 76
-70 -33 76
-70 -34 76
-70 -35 76
-70 -36 76
-72 -28 78
-72 -29 78
-72 -30 78
-72 -31 78
-72 -32 78
-72 -33 78
-72 -34 78
-72 -36 78
-67 -28 73
-67 -29 73
-67 -30 73
-67 -32 73
-67 -33 73
-67 -34 73
-67 -35 73
-67 -36 73
-69 -28 75
-69 -29 75
-69 -31 75
-69 -32 75
-69 -33 75
-69 -34 75
-69 -36 75
-71 -28 77
-71 -29 77
-71 -30 77
-71 -31 77
-71 -32 77
-71 -33 77
-71 -35 77
-71 -36 77
-21 -69
-22 -23
-22 -24
-22 -25
-22 -26
-22 -27
-22 28 32 36
-31 67
-68 -28 74
-68 -29 74
-68 -31 74
-68 -32 74
-68 -33 74
-68 -34 74
-68 -35 74
-68 -36 74
-70 -28 76
-70 -29 76
-70 -30 76
-70 -31 76
-70 -33 76
-70 -34 76
-70 -35 76
-70 -36 76
-72 -28 78
-72 -29 78
-72 -30 78
-72 -31 78
-72 -32 78
-72 -33 78
-72 -34 78
-72 -36 78
-67 -28 73
-67 -29 73
-67 -30 73
-67 -32 73
-67 -33 73
-67 -34 73
-67 -35 73
-67 -36 73
-69 -28 75
-69 -29 75
-69 -31 75
-69 -32 75
-69 -33 75
-69 -34 75
-69 -36 75
-71 -28 77
-71 -29 77
-71 -30 77
-71 -31 77
-71 -32 77
-71 -33 77
-71 -35 77
-71 -36 77
-22 -67
-23 -24
-23 -25
-23 -26
-23 -27
-23 28 29 31 33 34
-70 -32 75
-68 -28 74
-68 -29 74
-68 -31 74
-68 -32 74
-68 -33 74
-68 -34 74
-68 -35 74
-68 -36 74
-70 -28 76
-70 -29 76
-70 -30 76
-70 -31 76
-70 -33 76
-70 -34 76
-70 -35 76
-70 -36 76
-72 -28 78
-72 -29 78
-72 -30 78
-72 -31 78
-72 -32 78
-72 -33 78
-72 -34 78
-72 -36 78
-67 -28 73
-67 -29 73
-67 -30 73
-67 -32 73
-67 -33 73
-67 -34 73
-67 -35 73
-67 -36 73
-69 -28 75
-69 -29 75
-69 -31 75
-69 -32 75
-69 -33 75
-69 -34 75
-69 -36 75
-71 -28 77
-71 -29 77
-71 -30 77
-71 -31 77
-71 -32 77
-71 -33 77
-71 -35 77
-71 -36 77
-24 -25
-24 -26
-24 -27
-24 30 32 34 35
-68 -28 74
-68 -29 74
-68 -31 74
-68 -32 74
-68 -33 74
-68 -34 74
-68 -35 74
-68 -36 74
-70 -28 76
-70 -29 76
-70 -30 76
-70 -31 76
-70 -33 76
-70 -34 76
-70 -35 76
-70 -36 76
-72 -28 78
-72 -29 78
-72 -30 78
-72 -31 78
-72 -32 78
-72 -33 78
-72 -34 78
-72 -36 78
-67 -28 73
-67 -29 73
-67 -30 73
-67 -32 73
-67 -33 73
-67 -34 73
-67 -35 73
-67 -36 73
-69 -28 75
-69 -29 75
-69 -31 75
-69 -32 75
-69 -33 75
-69 -34 75
-69 -36 75
-71 -28 77
-71 -29 77
-71 -30 77
-71 -31 77
-71 -32 77
-71 -33 77
-71 -35 77
-71 -36 77
-25 -26
-25 -27
-25 32 33 35 36
-34 71
-68 -28 74
-68 -29 74
-68 -31 74
-68 -32 74
-68 -33 74
-68 -34 74
-68 -35 74
-68 -36 74
-70 -28 76
-70 -29 76
-70 -30 76
-70 -31 76
-70 -33 76
-70 -34 76
-70 -35 76
-70 -36 76
-72 -28 78
-72 -29 78
-72 -30 78
-72 -31 78
-72 -32 78
-72 -33 78
-72 -34 78
-72 -36 78
-67 -28 73
-67 -29 73
-67 -30 73
-67 -32 73
-67 -33 73
-67 -34 73
-67 -35 73
-67 -36 73
-69 -28 75
-69 -29 75
-69 -31 75
-69 -32 75
-69 -33 75
-69 -34 75
-69 -36 75
-71 -28 77
-71 -29 77
-71 -30 77
-71 -31 77
-71 -32 77
-71 -33 77
-71 -35 77
-71 -36 77
-25 -71
-26 -27
-26 33 34
-35 69
-72 -35 77
-68 -28 74
-68 -29 74
-68 -31 74
-68 -32 74
-68 -33 74
-68 -34 74
-68 -35 74
-68 -36 74
-70 -28 76
-70 -29 76
-70 -30 76
-70 -31 76
-70 -33 76
-70 -34 76
-70 -35 76
-70 -36 76
-72 -28 78
-72 -29 78
-72 -30 78
-72 -31 78
-72 -32 78
-72 -33 78
-72 -34 78
-72 -36 78
-67 -28 73
-67 -29 73
-67 -30 73
-67 -32 73
-67 -33 73
-67 -34 73
-67 -35 73
-67 -36 73
-69 -28 75
-69 -29 75
-69 -31 75
-69 -32 75
-69 -33 75
-69 -34 75
-69 -36 75
-71 -28 77
-71 -29 77
-71 -30 77
-71 -31 77
-71 -32 77
-71 -33 77
-71 -35 77
-71 -36 77
-26 -69
-27 31 34 36
-68 -28 74
-68 -29 74
-68 -31 74
-68 -32 74
-68 -33 74
-68 -34 74
-68 -35 74
-68 -36 74
-70 -28 76
-70 -29 76
-70 -30 76
-70 -31 76
-70 -33 76
-70 -34 76
-70 -35 76
-70 -36 76
-72 -28 78
-72 -29 78
-72 -30 78
-72 -31 78
-72 -32 78
-72 -33 78
-72 -34 78
-72 -36 78
-67 -28 73
-67 -29 73
-67 -30 73
-67 -32 73
-67 -33 73
-67 -34 73
-67 -35 73
-67 -36 73
-69 -28 75
-69 -29 75
-69 -31 75
-69 -32 75
-69 -33 75
-69 -34 75
-69 -36 75
-71 -28 77
-71 -29 77
-71 -30 77
-71 -31 77
-71 -32 77
-71 -33 77
-71 -35 77
-71 -36 77
-67 -68
-69 -70
-71 -72
68 -74
70 -76
72 -78
68 67 -73
70 69 -75
72 71 -77
-28 -29
-28 -30
-28 -31
-28 -32
-28 -33
-28 -34
-28 -35
-28 -36
-28 38 40 41
-74 -37 80
-74 -38 80
-74 -40 80
-74 -41 80
-74 -42 80
-74 -43 80
-74 -44 80
-74 -45 80
-76 -37 82
-76 -38 82
-76 -39 82
-76 -40 82
-76 -42 82
-76 -43 82
-76 -44 82
-76 -45 82
-78 -37 84
-78 -38 84
-78 -39 84
-78 -40 84
-78 -41 84
-78 -42 84
-78 -43 84
-78 -45 84
-73 -37 79
-73 -38 79
-73 -39 79
-73 -41 79
-73 -42 79
-73 -43 79
-73 -44 79
-73 -45 79
-75 -37 81
-75 -38 81
-75 -40 81
-75 -41 81
-75 -42 81
-75 -43 81
-75 -45 81
-77 -37 83
-77 -38 83
-77 -39 83
-77 -40 83
-77 -41 83
-77 -42 83
-77 -44 83
-77 -45 83
-29 -30
-29 -31
-29 -32
-29 -33
-29 -34
-29 -35
-29 -36
-29 37 39 41
-74 -37 80
-74 -38 80
-74 -40 80
-74 -41 80
-74 -42 80
-74 -43 80
-74 -44 80
-74 -45 80
-76 -37 82
-76 -38 82
-76 -39 82
-76 -40 82
-76 -42 82
-76 -43 82
-76 -44 82
-76 -45 82
-78 -37 84
-78 -38 84
-78 -39 84
-78 -40 84
-78 -41 84
-78 -42 84
-78 -43 84
-78 -45 84
-73 -37 79
-73 -38 79
-73 -39 79
-73 -41 79
-73 -42 79
-73 -43 79
-73 -44 79
-73 -45 79
-75 -37 81
-75 -38 81
-75 -40 81
-75 -41 81
-75 -42 81
-75 -43 81
-75 -45 81
-77 -37 83
-77 -38 83
-77 -39 83
-77 -40 83
-77 -41 83
-77 -42 83
-77 -44 83
-77 -45 83
-30 -31
-30 -32
-30 -33
-30 -34
-30 -35
-30 -36
-30 38 42
-39 75
-74 -39 79
-74 -37 80
-74 -38 80
-74 -40 80
-74 -41 80
-74 -42 80
-74 -43 80
-74 -44 80
-74 -45 80
-76 -37 82
-76 -38 82
-76 -39 82
-76 -40 82
-76 -42 82
-76 -43 82
-76 -44 82
-76 -45 82
-78 -37 84
-78 -38 84
-78 -39 84
-78 -40 84
-78 -41 84
-78 -42 84
-78 -43 84
-78 -45 84
-73 -37 79
-73 -38 79
-73 -39 79
-73 -41 79
-73 -42 79
-73 -43 79
-73 -44 79
-73 -45 79
-75 -37 81
-75 -38 81
-75 -40 81
-75 -41 81
-75 -42 81
-75 -43 81
-75 -45 81
-77 -37 83
-77 -38 83
-77 -39 83
-77 -40 83
-77 -41 83
-77 -42 83
-77 -44 83
-77 -45 83
-30 -75
-31 -32
-31 -33
-31 -34
-31 -35
-31 -36
-31 37 41 45
-40 73
-74 -37 80
-74 -38 80
-74 -40 80
-74 -41 80
-74 -42 80
-74 -43 80
-74 -44 80
-74 -45 80
-76 -37 82
-76 -38 82
-76 -39 82
-76 -40 82
-76 -42 82
-76 -43 82
-76 -44 82
-76 -45 82
-78 -37 84
-78 -38 84
-78 -39 84
-78 -40 84
-78 -41 84
-78 -42 84
-78 -43 84
-78 -45 84
-73 -37 79
-73 -38 79
-73 -39 79
-73 -41 79
-73 -42 79
-73 -43 79
-73 -44 79
-73 -45 79
-75 -37 81
-75 -38 81
-75 -40 81
-75 -41 81
-75 -42 81
-75 -43 81
-75 -45 81
-77 -37 83
-77 -38 83
-77 -39 83
-77 -40 83
-77 -41 83
-77 -42 83
-77 -44 83
-77 -45 83
-31 -73
-32 -33
-32 -34
-32 -35
-32 -36
-32 37 38 40 42 43
-76 -41 81
-74 -37 80
-74 -38 80
-74 -40 80
-74 -41 80
-74 -42 80
-74 -43 80
-74 -44 80
-74 -45 80
-76 -37 82
-76 -38 82
-76 -39 82
-76 -40 82
-76 -42 82
-76 -43 82
-76 -44 82
-76 -45 82
-78 -37 84
-78 -38 84
-78 -39 84
-78 -40 84
-78 -41 84
-78 -42 84
-78 -43 84
-78 -45 84
-73 -37 79
-73 -38 79
-73 -39 79
-73 -41 79
-73 -42 79
-73 -43 79
-73 -44 79
-73 -45 79
-75 -37 81
-75 -38 81
-75 -40 81
-75 -41 81
-75 -42 81
-75 -43 81
-75 -45 81
-77 -37 83
-77 -38 83
-77 -39 83
-77 -40 83
-77 -41 83
-77 -42 83
-77 -44 83
-77 -45 83
-33 -34
-33 -35
-33 -36
-33 39 41 43 44
-74 -37 80
-74 -38 80
-74 -40 80
-74 -41 80
-74 -42 80
-74 -43 80
-74 -44 80
-74 -45 80
-76 -37 82
-76 -38 82
-76 -39 82
-76 -40 82
-76 -42 82
-76 -43 82
-76 -44 82
-76 -45 82
-78 -37 84
-78 -38 84
-78 -39 84
-78 -40 84
-78 -41 84
-78 -42 84
-78 -43 84
-78 -45 84
-73 -37 79
-73 -38 79
-73 -39 79
-73 -41 79
-73 -42 79
-73 -43 79
-73 -44 79
-73 -45 79
-75 -37 81
-75 -38 81
-75 -40 81
-75 -41 81
-75 -42 81
-75 -43 81
-75 -45 81
-77 -37 83
-77 -38 83
-77 -39 83
-77 -40 83
-77 -41 83
-77 -42 83
-77 -44 83
-77 -45 83
-34 -35
-34 -36
-34 41 42 44 45
-43 77
-74 -37 80
-74 -38 80
-74 -40 80
-74 -41 80
-74 -42 80
-74 -43 80
-74 -44 80
-74 -45 80
-76 -37 82
-76 -38 82
-76 -39 82
-76 -40 82
-76 -42 82
-76 -43 82
-76 -44 82
-76 -45 82
-78 -37 84
-78 -38 84
-78 -39 84
-78 -40 84
-78 -41 84
-78 -42 84
-78 -43 84
-78 -45 84
-73 -37 79
-73 -38 79
-73 -39 79
-73 -41 79
-73 -42 79
-73 -43 79
-73 -44 79
-73 -45 79
-75 -37 81
-75 -38 81
-75 -40 81
-75 -41 81
-75 -42 81
-75 -43 81
-75 -45 81
-77 -37 83
-77 -38 83
-77 -39 83
-77 -40 83
-77 -41 83
-77 -42 83
-77 -44 83
-77 -45 83
-34 -77
-35 -36
-35 42 43
-44 75
-78 -44 83
-74 -37 80
-74 -38 80
-74 -40 80
-74 -41 80
-74 -42 80
-74 -43 80
-74 -44 80
-74 -45 80
-76 -37 82
-76 -38 82
-76 -39 82
-76 -40 82
-76 -42 82
-76 -43 82
-76 -44 82
-76 -45 82
-78 -37 84
-78 -38 84
-78 -39 84
-78 -40 84
-78 -41 84
-78 -42 84
-78 -43 84
-78 -45 84
-73 -37 79
-73 -38 79
-73 -39 79
-73 -41 79
-73 -42 79
-73 -43 79
-73 -44 79
-73 -45 79
-75 -37 81
-75 -38 81
-75 -40 81
-75 -41 81
-75 -42 81
-75 -43 81
-75 -45 81
-77 -37 83
-77 -38 83
-77 -39 83
-77 -40 83
-77 -41 83
-77 -42 83
-77 -44 83
-77 -45 83
-35 -75
-36 40 43 45
-74 -37 80
-74 -38 80
-74 -40 80
-74 -41 80
-74 -42 80
-74 -43 80
-74 -44 80
-74 -45 80
-76 -37 82
-76 -38 82
-76 -39 82
-76 -40 82
-76 -42 82
-76 -43 82
-76 -44 82
-76 -45 82
-78 -37 84
-78 -38 84
-78 -39 84
-78 -40 84
-78 -41 84
-78 -42 84
-78 -43 84
-78 -45 84
-73 -37 79
-73 -38 79
-73 -39 79
-73 -41 79
-73 -42 79
-73 -43 79
-73 -44 79
-73 -45 79
-75 -37 81
-75 -38 81
-75 -40 81
-75 -41 81
-75 -42 81
-75 -43 81
-75 -45 81
-77 -37 83
-77 -38 83
-77 -39 83
-77 -40 83
-77 -41 83
-77 -42 83
-77 -44 83
-77 -45 83
-73 -74
-75 -76
-77 -78
74 -80
76 -82
78 -84
74 73 -79
76 75 -81
78 77 -83
-37 -38
-37 -39
-37 -40
-37 -41
-37 -42
-37 -43
-37 -44
-37 -45
-37 47 49 50
-80 -46 86
-80 -47 86
-80 -49 86
-80 -50 86
-80 -51 86
-80 -52 86
-80 -53 86
-80 -54 86
-82 -46 88
-82 -47 88
-82 -48 88
-82 -49 88
-82 -51 88
-82 -52 88
-82 -53 88
-82 -54 88
-84 -46 90
-84 -47 90
-84 -48 90
-84 -49 90
-84 -50 90
-84 -51 90
-84 -52 90
-84 -54 90
-79 -46 85
-79 -47 85
-79 -48 85
-79 -50 85
-79 -51 85
-79 -52 85
-79 -53 85
-79 -54 85
-81 -46 87
-81 -47 87
-81 -49 87
-81 -50 87
-81 -51 87
-81 -52 87
-81 -54 87
-83 -46 89
-83 -47 89
-83 -48 89
-83 -49 89
-83 -50 89
-83 -51 89
-83 -53 89
-83 -54 89
-38 -39
-38 -40
-38 -41
-38 -42
-38 -43
-38 -44
-38 -45
-38 46 48 50
-80 -46 86
-80 -47 86
-80 -49 86
-80 -50 86
-80 -51 86
-80 -52 86
-80 -53 86
-80 -54 86
-82 -46 88
-82 -47 88
-82 -48 88
-82 -49 88
-82 -51 88
-82 -52 88
-82 -53 88
-82 -54 88
-84 -46 90
-84 -47 90
-84 -48 90
-84 -49 90
-84 -50 90
-84 -51 90
-84 -52 90
-84 -54 90
-79 -46 85
-79 -47 85
-79 -48 85
-79 -50 85
-79 -51 85
-79 -52 85
-79 -53 85
-79 -54 85
-81 -46 87
-81 -47 87
-81 -49 87
-81 -50 87
-81 -51 87
-81 -52 87
-81 -54 87
-83 -46 89
-83 -47 89
-83 -48 89
-83 -49 89
-83 -50 89
-83 -51 89
-83 -53 89
-83 -54 89
-39 -40
-39 -41
-39 -42
-39 -43
-39 -44
-39 -45
-39 47 51
-48 81
-80 -48 85
-80 -46 86
-80 -47 86
-80 -49 86
-80 -50 86
-80 -51 86
-80 -52 86
-80 -53 86
-80 -54 86
-82 -46 88
-82 -47 88
-82 -48 88
-82 -49 88
-82 -51 88
-82 -52 88
-82 -53 88
-82 -54 88
-84 -46 90
-84 -47 90
-84 -48 90
-84 -49 90
-84 -50 90
-84 -51 90
-84 -52 90
-84 -54 90
-79 -46 85
-79 -47 85
-79 -48 85
-79 -50 85
-79 -51 85
-79 -52 85
-79 -53 85
-79 -54 85
-81 -46 87
-81 -47 87
-81 -49 87
-81 -50 87
-81 -51 87
-81 -52 87
-81 -54 87
-83 -46 89
-83 -47 89
-83 -48 89
-83 -49 89
-83 -50 89
-83 -51 89
-83 -53 89
-83 -54 89
-39 -81
-40 -41
-40 -42
-40 -43
-40 -44
-40 -45
-40 46 50 54
-49 79
-80 -46 86
-80 -47 86
-80 -49 86
-80 -50 86
-80 -51 86
-80 -52 86
-80 -53 86
-80 -54 86
-82 -46 88
-82 -47 88
-82 -48 88
-82 -49 88
-82 -51 88
-82 -52 88
-82 -53 88
-82 -54 88
-84 -46 90
-84 -47 90
-84 -48 90
-84 -49 90
-84 -50 90
-84 -51 90
-84 -52 90
-84 -54 90
-79 -46 85
-79 -47 85
-79 -48 85
-79 -50 85
-79 -51 85
-79 -52 85
-79 -53 85
-79 -54 85
-81 -46 87
-81 -47 87
-81 -49 87
-81 -50 87
-81 -51 87
-81 -52 87
-81 -54 87
-83 -46 89
-83 -47 89
-83 -48 89
-83 -49 89
-83 -50 89
-83 -51 89
-83 -53 89
-83 -54 89
-40 -79
-41 -42
-41 -43
-41 -44
-41 -45
-41 46 47 49 51 52
-82 -50 87
-80 -46 86
-80 -47 86
-80 -49 86
-80 -50 86
-80 -51 86
-80 -52 86
-80 -53 86
-80 -54 86
-82 -46 88
-82 -47 88
-82 -48 88
-82 -49 88
-82 -51 88
-82 -52 88
-82 -53 88
-82 -54 88
-84 -46 90
-84 -47 90
-84 -48 90
-84 -49 90
-84 -50 90
-84 -51 90
-84 -52 90
-84 -54 90
-79 -46 85
-79 -47 85
-79 -48 85
-79 -50 85
-79 -51 85
-79 -52 85
-79 -53 85
-79 -54 85
-81 -46 87
-81 -47 87
-81 -49 87
-81 -50 87
-81 -51 87
-81 -52 87
-81 -54 87
-83 -46 89
-83 -47 89
-83 -48 89
-83 -49 89
-83 -50 89
-83 -51 89
-83 -53 89
-83 -54 89
-42 -43
-42 -44
-42 -45
-42 48 50 52 53
-80 -46 86
-80 -47 86
-80 -49 86
-80 -50 86
-80 -51 86
-80 -52 86
-80 -53 86
-80 -54 86
-82 -46 88
-82 -47 88
-82 -48 88
-82 -49 88
-82 -51 88
-82 -52 88
-82 -53 88
-82 -54 88
-84 -46 90
-84 -47 90
-84 -48 90
-84 -49 90
-84 -50 90
-84 -51 90
-84 -52 90
-84 -54 90
-79 -46 85
-79 -47 85
-79 -48 85
-79 -50 85
-79 -51 85
-79 -52 85
-79 -53 85
-79 -54 85
-81 -46 87
-81 -47 87
-81 -49 87
-81 -50 87
-81 -51 87
-81 -52 87
-81 -54 87
-83 -46 89
-83 -47 89
-83 -48 89
-83 -49 89
-83 -50 89
-83 -51 89
-83 -53 89
-83 -54 89
-43 -44
-43 -45
-43 50 51 53 54
-52 83
-80 -46 86
-80 -47 86
-80 -49 86
-80 -50 86
-80 -51 86
-80 -52 86
-80 -53 86
-80 -54 86
-82 -46 88
-82 -47 88
-82 -48 88
-82 -49 88
-82 -51 88
-82 -52 88
-82 -53 88
-82 -54 88
-84 -46 90
-84 -47 90
-84 -48 90
-84 -49 90
-84 -50 90
-84 -51 90
-84 -52 90
-84 -54 90
-79 -46 85
-79 -47 85
-79 -48 85
-79 -50 85
-79 -51 85
-79 -52 85
-79 -53 85
-79 -54 85
-81 -46 87
-81 -47 87
-81 -49 87
-81 -50 87
-81 -51 87
-81 -52 87
-81 -54 87
-83 -46 89
-83 -47 89
-83 -48 89
-83 -49 89
-83 -50 89
-83 -51 89
-83 -53 89
-83 -54 89
-43 -83
-44 -45
-44 51 52
-53 81
-84 -53 89
-80 -46 86
-80 -47 86
-80 -49 86
-80 -50 86
-80 -51 86
-80 -52 86
-80 -53 86
-80 -54 86
-82 -46 88
-82 -47 88
-82 -48 88
-82 -49 88
-82 -51 88
-82 -52 88
-82 -53 88
-82 -54 88
-84 -46 90
-84 -47 90
-84 -48 90
-84 -49 90
-84 -50 90
-84 -51 90
-84 -52 90
-84 -54 90
-79 -46 85
-79 -47 85
-79 -48 85
-79 -50 85
-79 -51 85
-79 -52 85
-79 -53 85
-79 -54 85
-81 -46 87
-81 -47 87
-81 -49 87
-81 -50 87
-81 -51 87
-81 -52 87
-81 -54 87
-83 -46 89
-83 -47 89
-83 -48 89
-83 -49 89
-83 -50 89
-83 -51 89
-83 -53 89
-83 -54 89
-44 -81
-45 49 52 54
-80 -46 86
-80 -47 86
-80 -49 86
-80 -50 86
-80 -51 86
-80 -52 86
-80 -53 86
-80 -54 86
-82 -46 88
-82 -47 88
-82 -48 88
-82 -49 88
-82 -51 88
-82 -52 88
-82 -53 88
-82 -54 88
-84 -46 90
-84 -47 90
-84 -48 90
-84 -49 90
-84 -50 90
-84 -51 90
-84 -52 90
-84 -54 90
-79 -46 85
-79 -47 85
-79 -48 85
-79 -50 85
-79 -51 85
-79 -52 85
-79 -53 85
-79 -54 85
-81 -46 87
-81 -47 87
-81 -49 87
-81 -50 87
-81 -51 87
-81 -52 87
-81 -54 87
-83 -46 89
-83 -47 89
-83 -48 89
-83 -49 89
-83 -50 89
-83 -51 89
-83 -53 89
-83 -54 89
-79 -80
-81 -82
-83 -84
80 -86
82 -88
84 -90
80 79 -85
82 81 -87
84 83 -89
-46 -47
-46 -48
-46 -49
-46 -50
-46 -51
-46 -52
-46 -53
-46 -54
-47 -48
-47 -49
-47 -50
-47 -51
-47 -52
-47 -53
-47 -54
-48 -49
-48 -50
-48 -51
-48 -52
-48 -53
-48 -54
-48 -87
-49 -50
-49 -51
-49 -52
-49 -53
-49 -54
-49 -85
-50 -51
-50 -52
-50 -53
-50 -54
-51 -52
-51 -53
-51 -54
-52 -53
-52 -54
-52 -89
-53 -54
-53 -87
-85 -86
-87 -88
-89 -90
1
56
58
60
54
0
